   0.0000000e+00   3.2280349e+00   2.5000000e-01   3.7180349e+00   2.7380349e+00
   1.0000000e+00   3.2278482e+00   2.5000000e-01   3.7178482e+00   2.7378482e+00
   2.0000000e+00   3.1790140e+00   2.5000000e-01   3.6690140e+00   2.6890140e+00
   3.0000000e+00   3.2864692e+00   2.5000000e-01   3.7764692e+00   2.7964692e+00
   4.0000000e+00   3.2954928e+00   2.5000000e-01   3.7854928e+00   2.8054928e+00
   5.0000000e+00   3.2644639e+00   2.5000000e-01   3.7544639e+00   2.7744639e+00
   6.0000000e+00   3.3331652e+00   2.5000000e-01   3.8231652e+00   2.8431652e+00
   7.0000000e+00   3.3670896e+00   2.5000000e-01   3.8570896e+00   2.8770896e+00
   8.0000000e+00   3.4195417e+00   2.5000000e-01   3.9095417e+00   2.9295417e+00
   9.0000000e+00   3.3846046e+00   2.5000000e-01   3.8746046e+00   2.8946046e+00
   1.0000000e+01   3.5233603e+00   2.5000000e-01   4.0133603e+00   3.0333603e+00
   1.1000000e+01   3.6033799e+00   2.5000000e-01   4.0933799e+00   3.1133799e+00
   1.2000000e+01   3.9237401e+00   2.5000000e-01   4.4137401e+00   3.4337401e+00
   1.3000000e+01   4.0553808e+00   2.5000000e-01   4.5453808e+00   3.5653808e+00
   1.4000000e+01   4.2806785e+00   2.5000000e-01   4.7706785e+00   3.7906785e+00
   1.5000000e+01   4.4946740e+00   2.5000000e-01   4.9846740e+00   4.0046740e+00
   1.6000000e+01   4.7507883e+00   2.5000000e-01   5.2407883e+00   4.2607883e+00
   1.7000000e+01   4.8812884e+00   2.5000000e-01   5.3712884e+00   4.3912884e+00
   1.8000000e+01   5.0240084e+00   2.5000000e-01   5.5140084e+00   4.5340084e+00
   1.9000000e+01   4.9562915e+00   2.5000000e-01   5.4462915e+00   4.4662915e+00
   2.0000000e+01   4.9919030e+00   2.5000000e-01   5.4819030e+00   4.5019030e+00
   2.1000000e+01   4.9145618e+00   2.5000000e-01   5.4045618e+00   4.4245618e+00
   2.2000000e+01   4.8827660e+00   2.5000000e-01   5.3727660e+00   4.3927660e+00
   2.3000000e+01   4.8588092e+00   2.5000000e-01   5.3488092e+00   4.3688092e+00
   2.4000000e+01   4.8110937e+00   2.5000000e-01   5.3010937e+00   4.3210937e+00
   2.5000000e+01   4.8186982e+00   2.5000000e-01   5.3086982e+00   4.3286982e+00
   2.6000000e+01   4.6734376e+00   2.5000000e-01   5.1634376e+00   4.1834376e+00
   2.7000000e+01   4.7488788e+00   2.5000000e-01   5.2388788e+00   4.2588788e+00
   2.8000000e+01   4.7532745e+00   2.5000000e-01   5.2432745e+00   4.2632745e+00
   2.9000000e+01   4.7313400e+00   2.5000000e-01   5.2213400e+00   4.2413400e+00
   3.0000000e+01   4.6171217e+00   2.5000000e-01   5.1071217e+00   4.1271217e+00
   3.1000000e+01   4.6237914e+00   2.5000000e-01   5.1137914e+00   4.1337914e+00
   3.2000000e+01   4.5986361e+00   2.5000000e-01   5.0886361e+00   4.1086361e+00
   3.3000000e+01   4.5789763e+00   2.5000000e-01   5.0689763e+00   4.0889763e+00
   3.4000000e+01   4.5860736e+00   2.5000000e-01   5.0760736e+00   4.0960736e+00
   3.5000000e+01   4.5388101e+00   2.5000000e-01   5.0288101e+00   4.0488101e+00
   3.6000000e+01   4.4542930e+00   2.5000000e-01   4.9442930e+00   3.9642930e+00
   3.7000000e+01   4.4561814e+00   2.5000000e-01   4.9461814e+00   3.9661814e+00
   3.8000000e+01   4.4137804e+00   2.5000000e-01   4.9037804e+00   3.9237804e+00
   3.9000000e+01   4.5545726e+00   2.5000000e-01   5.0445726e+00   4.0645726e+00
   4.0000000e+01   4.5482584e+00   2.5000000e-01   5.0382584e+00   4.0582584e+00
   4.1000000e+01   4.5144482e+00   2.5000000e-01   5.0044482e+00   4.0244482e+00
   4.2000000e+01   4.5035085e+00   2.5000000e-01   4.9935085e+00   4.0135085e+00
   4.3000000e+01   4.4629405e+00   2.5000000e-01   4.9529405e+00   3.9729405e+00
   4.4000000e+01   4.4782246e+00   2.5000000e-01   4.9682246e+00   3.9882246e+00
   4.5000000e+01   4.3286110e+00   2.5000000e-01   4.8186110e+00   3.8386110e+00
   4.6000000e+01   4.3630788e+00   2.5000000e-01   4.8530788e+00   3.8730788e+00
   4.7000000e+01   4.3812215e+00   2.5000000e-01   4.8712215e+00   3.8912215e+00
   4.8000000e+01   4.4451049e+00   2.5000000e-01   4.9351049e+00   3.9551049e+00
   4.9000000e+01   4.4619336e+00   2.5000000e-01   4.9519336e+00   3.9719336e+00
   5.0000000e+01   4.3432545e+00   2.5000000e-01   4.8332545e+00   3.8532545e+00
   5.1000000e+01   4.3335836e+00   2.5000000e-01   4.8235836e+00   3.8435836e+00
   5.2000000e+01   4.3093702e+00   2.5000000e-01   4.7993702e+00   3.8193702e+00
   5.3000000e+01   4.4364835e+00   2.5000000e-01   4.9264835e+00   3.9464835e+00
   5.4000000e+01   4.3755909e+00   2.5000000e-01   4.8655909e+00   3.8855909e+00
   5.5000000e+01   4.3068797e+00   2.5000000e-01   4.7968797e+00   3.8168797e+00
   5.6000000e+01   4.3542805e+00   2.5000000e-01   4.8442805e+00   3.8642805e+00
   5.7000000e+01   4.4273701e+00   2.5000000e-01   4.9173701e+00   3.9373701e+00
   5.8000000e+01   4.4892881e+00   2.5000000e-01   4.9792881e+00   3.9992881e+00
   5.9000000e+01   4.4273070e+00   2.5000000e-01   4.9173070e+00   3.9373070e+00
   6.0000000e+01   4.5986705e+00   2.5000000e-01   5.0886705e+00   4.1086705e+00
   6.1000000e+01   4.5127006e+00   2.5000000e-01   5.0027006e+00   4.0227006e+00
   6.2000000e+01   4.6043935e+00   2.5000000e-01   5.0943935e+00   4.1143935e+00
   6.3000000e+01   4.5312568e+00   2.5000000e-01   5.0212568e+00   4.0412568e+00
   6.4000000e+01   4.3567556e+00   2.5000000e-01   4.8467556e+00   3.8667556e+00
   6.5000000e+01   4.4806144e+00   2.5000000e-01   4.9706144e+00   3.9906144e+00
   6.6000000e+01   4.5665783e+00   2.5000000e-01   5.0565783e+00   4.0765783e+00
   6.7000000e+01   4.4389801e+00   2.5000000e-01   4.9289801e+00   3.9489801e+00
   6.8000000e+01   4.4189193e+00   2.5000000e-01   4.9089193e+00   3.9289193e+00
   6.9000000e+01   4.4679282e+00   2.5000000e-01   4.9579282e+00   3.9779282e+00
   7.0000000e+01   4.3193444e+00   2.5000000e-01   4.8093444e+00   3.8293444e+00
   7.1000000e+01   4.2246439e+00   2.5000000e-01   4.7146439e+00   3.7346439e+00
   7.2000000e+01   4.2145965e+00   2.5000000e-01   4.7045965e+00   3.7245965e+00
   7.3000000e+01   4.2291499e+00   2.5000000e-01   4.7191499e+00   3.7391499e+00
   7.4000000e+01   4.0277266e+00   2.5000000e-01   4.5177266e+00   3.5377266e+00
   7.5000000e+01   3.9526802e+00   2.5000000e-01   4.4426802e+00   3.4626802e+00
   7.6000000e+01   4.0635863e+00   2.5000000e-01   4.5535863e+00   3.5735863e+00
   7.7000000e+01   4.0774792e+00   2.5000000e-01   4.5674792e+00   3.5874792e+00
   7.8000000e+01   4.0547391e+00   2.5000000e-01   4.5447391e+00   3.5647391e+00
   7.9000000e+01   4.0509412e+00   2.5000000e-01   4.5409412e+00   3.5609412e+00
   8.0000000e+01   3.9005117e+00   2.5000000e-01   4.3905117e+00   3.4105117e+00
   8.1000000e+01   3.8236422e+00   2.5000000e-01   4.3136422e+00   3.3336422e+00
   8.2000000e+01   3.8016986e+00   2.5000000e-01   4.2916986e+00   3.3116986e+00
   8.3000000e+01   3.8279002e+00   2.5000000e-01   4.3179002e+00   3.3379002e+00
   8.4000000e+01   3.8230867e+00   2.5000000e-01   4.3130867e+00   3.3330867e+00
   8.5000000e+01   3.9534270e+00   2.5000000e-01   4.4434270e+00   3.4634270e+00
   8.6000000e+01   4.0592054e+00   2.5000000e-01   4.5492054e+00   3.5692054e+00
   8.7000000e+01   4.1801418e+00   2.5000000e-01   4.6701418e+00   3.6901418e+00
   8.8000000e+01   4.1070631e+00   2.5000000e-01   4.5970631e+00   3.6170631e+00
   8.9000000e+01   4.0770617e+00   2.5000000e-01   4.5670617e+00   3.5870617e+00
   9.0000000e+01   4.0605550e+00   2.5000000e-01   4.5505550e+00   3.5705550e+00
   9.1000000e+01   4.0332410e+00   2.5000000e-01   4.5232410e+00   3.5432410e+00
   9.2000000e+01   3.9820767e+00   2.5000000e-01   4.4720767e+00   3.4920767e+00
   9.3000000e+01   3.9044984e+00   2.5000000e-01   4.3944984e+00   3.4144984e+00
   9.4000000e+01   3.8430009e+00   2.5000000e-01   4.3330009e+00   3.3530009e+00
   9.5000000e+01   3.7660464e+00   2.5000000e-01   4.2560464e+00   3.2760464e+00
   9.6000000e+01   3.7522145e+00   2.5000000e-01   4.2422145e+00   3.2622145e+00
   9.7000000e+01   3.8321520e+00   2.5000000e-01   4.3221520e+00   3.3421520e+00
   9.8000000e+01   3.9002584e+00   2.5000000e-01   4.3902584e+00   3.4102584e+00
   9.9000000e+01   3.7808133e+00   2.5000000e-01   4.2708133e+00   3.2908133e+00
   1.0000000e+02   3.8072386e+00   2.5000000e-01   4.2972386e+00   3.3172386e+00
   1.0100000e+02   3.9153926e+00   2.5000000e-01   4.4053926e+00   3.4253926e+00
   1.0200000e+02   3.8555533e+00   2.5000000e-01   4.3455533e+00   3.3655533e+00
   1.0300000e+02   3.8757594e+00   2.5000000e-01   4.3657594e+00   3.3857594e+00
   1.0400000e+02   3.9210528e+00   2.5000000e-01   4.4110528e+00   3.4310528e+00
   1.0500000e+02   3.8492512e+00   2.5000000e-01   4.3392512e+00   3.3592512e+00
   1.0600000e+02   4.0031243e+00   2.5000000e-01   4.4931243e+00   3.5131243e+00
   1.0700000e+02   4.0442716e+00   2.5000000e-01   4.5342716e+00   3.5542716e+00
   1.0800000e+02   4.1116413e+00   2.5000000e-01   4.6016413e+00   3.6216413e+00
   1.0900000e+02   4.1220513e+00   2.5000000e-01   4.6120513e+00   3.6320513e+00
   1.1000000e+02   4.0375392e+00   2.5000000e-01   4.5275392e+00   3.5475392e+00
   1.1100000e+02   4.0248694e+00   2.5000000e-01   4.5148694e+00   3.5348694e+00
   1.1200000e+02   4.0268283e+00   2.5000000e-01   4.5168283e+00   3.5368283e+00
   1.1300000e+02   3.9345566e+00   2.5000000e-01   4.4245566e+00   3.4445566e+00
   1.1400000e+02   3.8129789e+00   2.5000000e-01   4.3029789e+00   3.3229789e+00
   1.1500000e+02   3.7088550e+00   2.5000000e-01   4.1988550e+00   3.2188550e+00
   1.1600000e+02   3.5775333e+00   2.5000000e-01   4.0675333e+00   3.0875333e+00
   1.1700000e+02   3.5388189e+00   2.5000000e-01   4.0288189e+00   3.0488189e+00
   1.1800000e+02   3.4426373e+00   2.5000000e-01   3.9326373e+00   2.9526373e+00
   1.1900000e+02   3.2975719e+00   2.5000000e-01   3.7875719e+00   2.8075719e+00
   1.2000000e+02   3.2734607e+00   2.5000000e-01   3.7634607e+00   2.7834607e+00
   1.2100000e+02   3.2561481e+00   2.5000000e-01   3.7461481e+00   2.7661481e+00
   1.2200000e+02   3.1820249e+00   2.5000000e-01   3.6720249e+00   2.6920249e+00
   1.2300000e+02   3.1008445e+00   2.5000000e-01   3.5908445e+00   2.6108445e+00
   1.2400000e+02   3.2719638e+00   2.5000000e-01   3.7619638e+00   2.7819638e+00
   1.2500000e+02   3.1414164e+00   2.5000000e-01   3.6314164e+00   2.6514164e+00
   1.2600000e+02   3.1568740e+00   2.5000000e-01   3.6468740e+00   2.6668740e+00
   1.2700000e+02   3.3714567e+00   2.5000000e-01   3.8614567e+00   2.8814567e+00
   1.2800000e+02   3.7139611e+00   2.5000000e-01   4.2039611e+00   3.2239611e+00
   1.2900000e+02   3.9034337e+00   2.5000000e-01   4.3934337e+00   3.4134337e+00
   1.3000000e+02   3.6732329e+00   2.5000000e-01   4.1632329e+00   3.1832329e+00
   1.3100000e+02   3.8080059e+00   2.5000000e-01   4.2980059e+00   3.3180059e+00
   1.3200000e+02   4.2040155e+00   2.5000000e-01   4.6940155e+00   3.7140155e+00
   1.3300000e+02   4.4084715e+00   2.5000000e-01   4.8984715e+00   3.9184715e+00
   1.3400000e+02   4.7019630e+00   2.5000000e-01   5.1919630e+00   4.2119630e+00
   1.3500000e+02   4.8589970e+00   2.5000000e-01   5.3489970e+00   4.3689970e+00
   1.3600000e+02   4.8178758e+00   2.5000000e-01   5.3078758e+00   4.3278758e+00
   1.3700000e+02   4.7963974e+00   2.5000000e-01   5.2863974e+00   4.3063974e+00
   1.3800000e+02   4.8915467e+00   2.5000000e-01   5.3815467e+00   4.4015467e+00
   1.3900000e+02   4.8672229e+00   2.5000000e-01   5.3572229e+00   4.3772229e+00
   1.4000000e+02   4.9780155e+00   2.5000000e-01   5.4680155e+00   4.4880155e+00
   1.4100000e+02   4.8129461e+00   2.5000000e-01   5.3029461e+00   4.3229461e+00
   1.4200000e+02   4.7489552e+00   2.5000000e-01   5.2389552e+00   4.2589552e+00
   1.4300000e+02   4.7840003e+00   2.5000000e-01   5.2740003e+00   4.2940003e+00
   1.4400000e+02   4.8237384e+00   2.5000000e-01   5.3137384e+00   4.3337384e+00
   1.4500000e+02   4.7445904e+00   2.5000000e-01   5.2345904e+00   4.2545904e+00
   1.4600000e+02   4.7712026e+00   2.5000000e-01   5.2612026e+00   4.2812026e+00
   1.4700000e+02   4.8155507e+00   2.5000000e-01   5.3055507e+00   4.3255507e+00
   1.4800000e+02   4.7063677e+00   2.5000000e-01   5.1963677e+00   4.2163677e+00
   1.4900000e+02   4.7502140e+00   2.5000000e-01   5.2402140e+00   4.2602140e+00
   1.5000000e+02   4.7468823e+00   2.5000000e-01   5.2368823e+00   4.2568823e+00
   1.5100000e+02   4.6634651e+00   2.5000000e-01   5.1534651e+00   4.1734651e+00
   1.5200000e+02   4.6367354e+00   2.5000000e-01   5.1267354e+00   4.1467354e+00
   1.5300000e+02   4.6233804e+00   2.5000000e-01   5.1133804e+00   4.1333804e+00
   1.5400000e+02   4.6551362e+00   2.5000000e-01   5.1451362e+00   4.1651362e+00
   1.5500000e+02   4.5147977e+00   2.5000000e-01   5.0047977e+00   4.0247977e+00
   1.5600000e+02   4.7792709e+00   2.5000000e-01   5.2692709e+00   4.2892709e+00
   1.5700000e+02   4.7413158e+00   2.5000000e-01   5.2313158e+00   4.2513158e+00
   1.5800000e+02   4.6947428e+00   2.5000000e-01   5.1847428e+00   4.2047428e+00
   1.5900000e+02   4.6607524e+00   2.5000000e-01   5.1507524e+00   4.1707524e+00
   1.6000000e+02   4.6856006e+00   2.5000000e-01   5.1756006e+00   4.1956006e+00
   1.6100000e+02   4.6520214e+00   2.5000000e-01   5.1420214e+00   4.1620214e+00
   1.6200000e+02   4.6580360e+00   2.5000000e-01   5.1480360e+00   4.1680360e+00
   1.6300000e+02   4.6980959e+00   2.5000000e-01   5.1880959e+00   4.2080959e+00
   1.6400000e+02   4.6819466e+00   2.5000000e-01   5.1719466e+00   4.1919466e+00
   1.6500000e+02   4.6785557e+00   2.5000000e-01   5.1685557e+00   4.1885557e+00
   1.6600000e+02   4.4781460e+00   2.5000000e-01   4.9681460e+00   3.9881460e+00
   1.6700000e+02   4.4063030e+00   2.5000000e-01   4.8963030e+00   3.9163030e+00
   1.6800000e+02   4.4823481e+00   2.5000000e-01   4.9723481e+00   3.9923481e+00
   1.6900000e+02   4.4952320e+00   2.5000000e-01   4.9852320e+00   4.0052320e+00
   1.7000000e+02   4.5028871e+00   2.5000000e-01   4.9928871e+00   4.0128871e+00
   1.7100000e+02   4.5331475e+00   2.5000000e-01   5.0231475e+00   4.0431475e+00
   1.7200000e+02   4.4566931e+00   2.5000000e-01   4.9466931e+00   3.9666931e+00
   1.7300000e+02   4.3774064e+00   2.5000000e-01   4.8674064e+00   3.8874064e+00
   1.7400000e+02   4.2793295e+00   2.5000000e-01   4.7693295e+00   3.7893295e+00
   1.7500000e+02   4.3239964e+00   2.5000000e-01   4.8139964e+00   3.8339964e+00
   1.7600000e+02   4.3928540e+00   2.5000000e-01   4.8828540e+00   3.9028540e+00
   1.7700000e+02   4.4638821e+00   2.5000000e-01   4.9538821e+00   3.9738821e+00
   1.7800000e+02   4.4374617e+00   2.5000000e-01   4.9274617e+00   3.9474617e+00
   1.7900000e+02   4.4815259e+00   2.5000000e-01   4.9715259e+00   3.9915259e+00
   1.8000000e+02   4.3909610e+00   2.5000000e-01   4.8809610e+00   3.9009610e+00
   1.8100000e+02   4.4564466e+00   2.5000000e-01   4.9464466e+00   3.9664466e+00
   1.8200000e+02   4.4832408e+00   2.5000000e-01   4.9732408e+00   3.9932408e+00
   1.8300000e+02   4.3671818e+00   2.5000000e-01   4.8571818e+00   3.8771818e+00
   1.8400000e+02   4.3993219e+00   2.5000000e-01   4.8893219e+00   3.9093219e+00
   1.8500000e+02   4.5853159e+00   2.5000000e-01   5.0753159e+00   4.0953159e+00
   1.8600000e+02   4.4737924e+00   2.5000000e-01   4.9637924e+00   3.9837924e+00
   1.8700000e+02   4.4023973e+00   2.5000000e-01   4.8923973e+00   3.9123973e+00
   1.8800000e+02   4.4635497e+00   2.5000000e-01   4.9535497e+00   3.9735497e+00
   1.8900000e+02   4.3891358e+00   2.5000000e-01   4.8791358e+00   3.8991358e+00
   1.9000000e+02   4.2817026e+00   2.5000000e-01   4.7717026e+00   3.7917026e+00
   1.9100000e+02   4.1305545e+00   2.5000000e-01   4.6205545e+00   3.6405545e+00
   1.9200000e+02   3.7647511e+00   2.5000000e-01   4.2547511e+00   3.2747511e+00
   1.9300000e+02   3.9207547e+00   2.5000000e-01   4.4107547e+00   3.4307547e+00
   1.9400000e+02   3.8424846e+00   2.5000000e-01   4.3324846e+00   3.3524846e+00
   1.9500000e+02   3.9053268e+00   2.5000000e-01   4.3953268e+00   3.4153268e+00
   1.9600000e+02   3.8227051e+00   2.5000000e-01   4.3127051e+00   3.3327051e+00
   1.9700000e+02   3.7407658e+00   2.5000000e-01   4.2307658e+00   3.2507658e+00
   1.9800000e+02   3.8225134e+00   2.5000000e-01   4.3125134e+00   3.3325134e+00
   1.9900000e+02   3.5722562e+00   2.5000000e-01   4.0622562e+00   3.0822562e+00
   2.0000000e+02   3.5298049e+00   2.5000000e-01   4.0198049e+00   3.0398049e+00
   2.0100000e+02   3.5293120e+00   2.5000000e-01   4.0193120e+00   3.0393120e+00
   2.0200000e+02   3.6260607e+00   2.5000000e-01   4.1160607e+00   3.1360607e+00
   2.0300000e+02   3.6082669e+00   2.5000000e-01   4.0982669e+00   3.1182669e+00
   2.0400000e+02   3.7829650e+00   2.5000000e-01   4.2729650e+00   3.2929650e+00
   2.0500000e+02   3.8246731e+00   2.5000000e-01   4.3146731e+00   3.3346731e+00
   2.0600000e+02   3.7676857e+00   2.5000000e-01   4.2576857e+00   3.2776857e+00
   2.0700000e+02   3.7849382e+00   2.5000000e-01   4.2749382e+00   3.2949382e+00
   2.0800000e+02   3.7142065e+00   2.5000000e-01   4.2042065e+00   3.2242065e+00
   2.0900000e+02   3.6391848e+00   2.5000000e-01   4.1291848e+00   3.1491848e+00
   2.1000000e+02   3.5748271e+00   2.5000000e-01   4.0648271e+00   3.0848271e+00
   2.1100000e+02   3.6002025e+00   2.5000000e-01   4.0902025e+00   3.1102025e+00
   2.1200000e+02   3.6116651e+00   2.5000000e-01   4.1016651e+00   3.1216651e+00
   2.1300000e+02   3.6532641e+00   2.5000000e-01   4.1432641e+00   3.1632641e+00
   2.1400000e+02   3.5588786e+00   2.5000000e-01   4.0488786e+00   3.0688786e+00
   2.1500000e+02   3.5425441e+00   2.5000000e-01   4.0325441e+00   3.0525441e+00
   2.1600000e+02   3.5303519e+00   2.5000000e-01   4.0203519e+00   3.0403519e+00
   2.1700000e+02   3.4837549e+00   2.5000000e-01   3.9737549e+00   2.9937549e+00
   2.1800000e+02   3.7163485e+00   2.5000000e-01   4.2063485e+00   3.2263485e+00
   2.1900000e+02   3.9381149e+00   2.5000000e-01   4.4281149e+00   3.4481149e+00
   2.2000000e+02   3.9830419e+00   2.5000000e-01   4.4730419e+00   3.4930419e+00
   2.2100000e+02   4.2335328e+00   2.5000000e-01   4.7235328e+00   3.7435328e+00
   2.2200000e+02   4.3765740e+00   2.5000000e-01   4.8665740e+00   3.8865740e+00
   2.2300000e+02   4.4413911e+00   2.5000000e-01   4.9313911e+00   3.9513911e+00
   2.2400000e+02   4.3869031e+00   2.5000000e-01   4.8769031e+00   3.8969031e+00
   2.2500000e+02   4.2845916e+00   2.5000000e-01   4.7745916e+00   3.7945916e+00
   2.2600000e+02   4.2912486e+00   2.5000000e-01   4.7812486e+00   3.8012486e+00
   2.2700000e+02   4.1909009e+00   2.5000000e-01   4.6809009e+00   3.7009009e+00
   2.2800000e+02   4.1870335e+00   2.5000000e-01   4.6770335e+00   3.6970335e+00
   2.2900000e+02   4.0225686e+00   2.5000000e-01   4.5125686e+00   3.5325686e+00
   2.3000000e+02   4.2995442e+00   2.5000000e-01   4.7895442e+00   3.8095442e+00
   2.3100000e+02   4.2173974e+00   2.5000000e-01   4.7073974e+00   3.7273974e+00
   2.3200000e+02   4.1722487e+00   2.5000000e-01   4.6622487e+00   3.6822487e+00
   2.3300000e+02   3.9714588e+00   2.5000000e-01   4.4614588e+00   3.4814588e+00
   2.3400000e+02   3.8406237e+00   2.5000000e-01   4.3306237e+00   3.3506237e+00
   2.3500000e+02   3.7145838e+00   2.5000000e-01   4.2045838e+00   3.2245838e+00
   2.3600000e+02   3.6566485e+00   2.5000000e-01   4.1466485e+00   3.1666485e+00
   2.3700000e+02   3.4678565e+00   2.5000000e-01   3.9578565e+00   2.9778565e+00
   2.3800000e+02   3.5116674e+00   2.5000000e-01   4.0016674e+00   3.0216674e+00
   2.3900000e+02   3.4401575e+00   2.5000000e-01   3.9301575e+00   2.9501575e+00
   2.4000000e+02   3.4426674e+00   2.5000000e-01   3.9326674e+00   2.9526674e+00
   2.4100000e+02   3.5412839e+00   2.5000000e-01   4.0312839e+00   3.0512839e+00
   2.4200000e+02   3.6777711e+00   2.5000000e-01   4.1677711e+00   3.1877711e+00
   2.4300000e+02   3.7775543e+00   2.5000000e-01   4.2675543e+00   3.2875543e+00
   2.4400000e+02   4.0539726e+00   2.5000000e-01   4.5439726e+00   3.5639726e+00
   2.4500000e+02   4.1661411e+00   2.5000000e-01   4.6561411e+00   3.6761411e+00
   2.4600000e+02   4.3785384e+00   2.5000000e-01   4.8685384e+00   3.8885384e+00
   2.4700000e+02   4.3062477e+00   2.5000000e-01   4.7962477e+00   3.8162477e+00
   2.4800000e+02   4.3812649e+00   2.5000000e-01   4.8712649e+00   3.8912649e+00
   2.4900000e+02   4.3593882e+00   2.5000000e-01   4.8493882e+00   3.8693882e+00
   2.5000000e+02   4.4985085e+00   2.5000000e-01   4.9885085e+00   4.0085085e+00
   2.5100000e+02   4.5769440e+00   2.5000000e-01   5.0669440e+00   4.0869440e+00
   2.5200000e+02   4.6255056e+00   2.5000000e-01   5.1155056e+00   4.1355056e+00
   2.5300000e+02   4.5202016e+00   2.5000000e-01   5.0102016e+00   4.0302016e+00
   2.5400000e+02   4.5729995e+00   2.5000000e-01   5.0629995e+00   4.0829995e+00
   2.5500000e+02   4.3660420e+00   2.5000000e-01   4.8560420e+00   3.8760420e+00
   2.5600000e+02   4.4281243e+00   2.5000000e-01   4.9181243e+00   3.9381243e+00
   2.5700000e+02   4.5544787e+00   2.5000000e-01   5.0444787e+00   4.0644787e+00
   2.5800000e+02   4.5089236e+00   2.5000000e-01   4.9989236e+00   4.0189236e+00
   2.5900000e+02   4.5182593e+00   2.5000000e-01   5.0082593e+00   4.0282593e+00
   2.6000000e+02   4.4643592e+00   2.5000000e-01   4.9543592e+00   3.9743592e+00
   2.6100000e+02   4.5157594e+00   2.5000000e-01   5.0057594e+00   4.0257594e+00
   2.6200000e+02   4.4524495e+00   2.5000000e-01   4.9424495e+00   3.9624495e+00
   2.6300000e+02   4.4580724e+00   2.5000000e-01   4.9480724e+00   3.9680724e+00
   2.6400000e+02   4.4187348e+00   2.5000000e-01   4.9087348e+00   3.9287348e+00
   2.6500000e+02   4.4405637e+00   2.5000000e-01   4.9305637e+00   3.9505637e+00
   2.6600000e+02   4.5022150e+00   2.5000000e-01   4.9922150e+00   4.0122150e+00
   2.6700000e+02   4.5030245e+00   2.5000000e-01   4.9930245e+00   4.0130245e+00
   2.6800000e+02   4.3289307e+00   2.5000000e-01   4.8189307e+00   3.8389307e+00
   2.6900000e+02   4.5217366e+00   2.5000000e-01   5.0117366e+00   4.0317366e+00
   2.7000000e+02   4.5119210e+00   2.5000000e-01   5.0019210e+00   4.0219210e+00
   2.7100000e+02   4.5016147e+00   2.5000000e-01   4.9916147e+00   4.0116147e+00
   2.7200000e+02   4.4380636e+00   2.5000000e-01   4.9280636e+00   3.9480636e+00
   2.7300000e+02   4.4356998e+00   2.5000000e-01   4.9256998e+00   3.9456998e+00
   2.7400000e+02   4.3819849e+00   2.5000000e-01   4.8719849e+00   3.8919849e+00
   2.7500000e+02   4.3790694e+00   2.5000000e-01   4.8690694e+00   3.8890694e+00
   2.7600000e+02   4.3025021e+00   2.5000000e-01   4.7925021e+00   3.8125021e+00
   2.7700000e+02   4.4418308e+00   2.5000000e-01   4.9318308e+00   3.9518308e+00
   2.7800000e+02   4.3071893e+00   2.5000000e-01   4.7971893e+00   3.8171893e+00
   2.7900000e+02   4.2333528e+00   2.5000000e-01   4.7233528e+00   3.7433528e+00
   2.8000000e+02   4.1429241e+00   2.5000000e-01   4.6329241e+00   3.6529241e+00
   2.8100000e+02   4.2109778e+00   2.5000000e-01   4.7009778e+00   3.7209778e+00
   2.8200000e+02   3.9819242e+00   2.5000000e-01   4.4719242e+00   3.4919242e+00
   2.8300000e+02   3.8745875e+00   2.5000000e-01   4.3645875e+00   3.3845875e+00
   2.8400000e+02   3.8592371e+00   2.5000000e-01   4.3492371e+00   3.3692371e+00
   2.8500000e+02   3.8414927e+00   2.5000000e-01   4.3314927e+00   3.3514927e+00
   2.8600000e+02   3.8227866e+00   2.5000000e-01   4.3127866e+00   3.3327866e+00
   2.8700000e+02   3.8885983e+00   2.5000000e-01   4.3785983e+00   3.3985983e+00
   2.8800000e+02   4.0196692e+00   2.5000000e-01   4.5096692e+00   3.5296692e+00
   2.8900000e+02   4.0631122e+00   2.5000000e-01   4.5531122e+00   3.5731122e+00
   2.9000000e+02   4.0979398e+00   2.5000000e-01   4.5879398e+00   3.6079398e+00
   2.9100000e+02   4.1124320e+00   2.5000000e-01   4.6024320e+00   3.6224320e+00
   2.9200000e+02   4.2657706e+00   2.5000000e-01   4.7557706e+00   3.7757706e+00
   2.9300000e+02   4.2182999e+00   2.5000000e-01   4.7082999e+00   3.7282999e+00
   2.9400000e+02   4.3319596e+00   2.5000000e-01   4.8219596e+00   3.8419596e+00
   2.9500000e+02   4.3106463e+00   2.5000000e-01   4.8006463e+00   3.8206463e+00
   2.9600000e+02   4.2298307e+00   2.5000000e-01   4.7198307e+00   3.7398307e+00
   2.9700000e+02   4.2972924e+00   2.5000000e-01   4.7872924e+00   3.8072924e+00
   2.9800000e+02   4.1739888e+00   2.5000000e-01   4.6639888e+00   3.6839888e+00
   2.9900000e+02   4.2283305e+00   2.5000000e-01   4.7183305e+00   3.7383305e+00
   3.0000000e+02   4.0183557e+00   2.5000000e-01   4.5083557e+00   3.5283557e+00
   3.0100000e+02   4.0603100e+00   2.5000000e-01   4.5503100e+00   3.5703100e+00
   3.0200000e+02   4.0631699e+00   2.5000000e-01   4.5531699e+00   3.5731699e+00
   3.0300000e+02   3.9975254e+00   2.5000000e-01   4.4875254e+00   3.5075254e+00
   3.0400000e+02   4.0679825e+00   2.5000000e-01   4.5579825e+00   3.5779825e+00
   3.0500000e+02   4.0733684e+00   2.5000000e-01   4.5633684e+00   3.5833684e+00
   3.0600000e+02   4.0504910e+00   2.5000000e-01   4.5404910e+00   3.5604910e+00
   3.0700000e+02   3.9979389e+00   2.5000000e-01   4.4879389e+00   3.5079389e+00
   3.0800000e+02   3.8492764e+00   2.5000000e-01   4.3392764e+00   3.3592764e+00
   3.0900000e+02   3.8625074e+00   2.5000000e-01   4.3525074e+00   3.3725074e+00
   3.1000000e+02   3.7994950e+00   2.5000000e-01   4.2894950e+00   3.3094950e+00
   3.1100000e+02   3.6957394e+00   2.5000000e-01   4.1857394e+00   3.2057394e+00
   3.1200000e+02   3.7868099e+00   2.5000000e-01   4.2768099e+00   3.2968099e+00
   3.1300000e+02   3.6925567e+00   2.5000000e-01   4.1825567e+00   3.2025567e+00
   3.1400000e+02   3.7698144e+00   2.5000000e-01   4.2598144e+00   3.2798144e+00
   3.1500000e+02   3.6174502e+00   2.5000000e-01   4.1074502e+00   3.1274502e+00
   3.1600000e+02   3.6929760e+00   2.5000000e-01   4.1829760e+00   3.2029760e+00
   3.1700000e+02   3.8886250e+00   2.5000000e-01   4.3786250e+00   3.3986250e+00
   3.1800000e+02   3.7576900e+00   2.5000000e-01   4.2476900e+00   3.2676900e+00
   3.1900000e+02   3.5765410e+00   2.5000000e-01   4.0665410e+00   3.0865410e+00
   3.2000000e+02   3.6637668e+00   2.5000000e-01   4.1537668e+00   3.1737668e+00
   3.2100000e+02   3.5282766e+00   2.5000000e-01   4.0182766e+00   3.0382766e+00
   3.2200000e+02   3.5265670e+00   2.5000000e-01   4.0165670e+00   3.0365670e+00
   3.2300000e+02   3.4704498e+00   2.5000000e-01   3.9604498e+00   2.9804498e+00
   3.2400000e+02   3.2137625e+00   2.5000000e-01   3.7037625e+00   2.7237625e+00
   3.2500000e+02   3.3090214e+00   2.5000000e-01   3.7990214e+00   2.8190214e+00
   3.2600000e+02   3.2322155e+00   2.5000000e-01   3.7222155e+00   2.7422155e+00
   3.2700000e+02   3.2199625e+00   2.5000000e-01   3.7099625e+00   2.7299625e+00
   3.2800000e+02   3.2338462e+00   2.5000000e-01   3.7238462e+00   2.7438462e+00
   3.2900000e+02   3.1923419e+00   2.5000000e-01   3.6823419e+00   2.7023419e+00
   3.3000000e+02   3.2969002e+00   2.5000000e-01   3.7869002e+00   2.8069002e+00
   3.3100000e+02   3.2874288e+00   2.5000000e-01   3.7774288e+00   2.7974288e+00
   3.3200000e+02   3.3924945e+00   2.5000000e-01   3.8824945e+00   2.9024945e+00
   3.3300000e+02   3.3816667e+00   2.5000000e-01   3.8716667e+00   2.8916667e+00
   3.3400000e+02   3.5095629e+00   2.5000000e-01   3.9995629e+00   3.0195629e+00
   3.3500000e+02   3.7473968e+00   2.5000000e-01   4.2373968e+00   3.2573968e+00
   3.3600000e+02   4.0795789e+00   2.5000000e-01   4.5695789e+00   3.5895789e+00
   3.3700000e+02   4.2309007e+00   2.5000000e-01   4.7209007e+00   3.7409007e+00
   3.3800000e+02   4.1747501e+00   2.5000000e-01   4.6647501e+00   3.6847501e+00
   3.3900000e+02   4.4191560e+00   2.5000000e-01   4.9091560e+00   3.9291560e+00
   3.4000000e+02   4.5974378e+00   2.5000000e-01   5.0874378e+00   4.1074378e+00
   3.4100000e+02   4.8395861e+00   2.5000000e-01   5.3295861e+00   4.3495861e+00
   3.4200000e+02   4.8265025e+00   2.5000000e-01   5.3165025e+00   4.3365025e+00
   3.4300000e+02   4.8022522e+00   2.5000000e-01   5.2922522e+00   4.3122522e+00
   3.4400000e+02   4.7560004e+00   2.5000000e-01   5.2460004e+00   4.2660004e+00
   3.4500000e+02   4.7916759e+00   2.5000000e-01   5.2816759e+00   4.3016759e+00
   3.4600000e+02   4.6792853e+00   2.5000000e-01   5.1692853e+00   4.1892853e+00
   3.4700000e+02   4.5252961e+00   2.5000000e-01   5.0152961e+00   4.0352961e+00
   3.4800000e+02   4.4853395e+00   2.5000000e-01   4.9753395e+00   3.9953395e+00
   3.4900000e+02   4.6159988e+00   2.5000000e-01   5.1059988e+00   4.1259988e+00
   3.5000000e+02   4.6691452e+00   2.5000000e-01   5.1591452e+00   4.1791452e+00
   3.5100000e+02   4.6429643e+00   2.5000000e-01   5.1329643e+00   4.1529643e+00
   3.5200000e+02   4.4731868e+00   2.5000000e-01   4.9631868e+00   3.9831868e+00
   3.5300000e+02   4.4712751e+00   2.5000000e-01   4.9612751e+00   3.9812751e+00
   3.5400000e+02   4.3974490e+00   2.5000000e-01   4.8874490e+00   3.9074490e+00
   3.5500000e+02   4.5857993e+00   2.5000000e-01   5.0757993e+00   4.0957993e+00
   3.5600000e+02   4.4564849e+00   2.5000000e-01   4.9464849e+00   3.9664849e+00
   3.5700000e+02   4.5495288e+00   2.5000000e-01   5.0395288e+00   4.0595288e+00
   3.5800000e+02   4.5754714e+00   2.5000000e-01   5.0654714e+00   4.0854714e+00
   3.5900000e+02   4.4895526e+00   2.5000000e-01   4.9795526e+00   3.9995526e+00
   3.6000000e+02   4.5354768e+00   2.5000000e-01   5.0254768e+00   4.0454768e+00
   3.6100000e+02   4.4954374e+00   2.5000000e-01   4.9854374e+00   4.0054374e+00
   3.6200000e+02   4.4959817e+00   2.5000000e-01   4.9859817e+00   4.0059817e+00
   3.6300000e+02   4.5276802e+00   2.5000000e-01   5.0176802e+00   4.0376802e+00
   3.6400000e+02   4.3561717e+00   2.5000000e-01   4.8461717e+00   3.8661717e+00
   3.6500000e+02   4.4588932e+00   2.5000000e-01   4.9488932e+00   3.9688932e+00
   3.6600000e+02   4.3229099e+00   2.5000000e-01   4.8129099e+00   3.8329099e+00
   3.6700000e+02   4.3707598e+00   2.5000000e-01   4.8607598e+00   3.8807598e+00
   3.6800000e+02   4.3985724e+00   2.5000000e-01   4.8885724e+00   3.9085724e+00
   3.6900000e+02   4.3788429e+00   2.5000000e-01   4.8688429e+00   3.8888429e+00
   3.7000000e+02   4.3599063e+00   2.5000000e-01   4.8499063e+00   3.8699063e+00
   3.7100000e+02   4.2713110e+00   2.5000000e-01   4.7613110e+00   3.7813110e+00
   3.7200000e+02   4.4234245e+00   2.5000000e-01   4.9134245e+00   3.9334245e+00
   3.7300000e+02   4.2869991e+00   2.5000000e-01   4.7769991e+00   3.7969991e+00
   3.7400000e+02   4.3375628e+00   2.5000000e-01   4.8275628e+00   3.8475628e+00
   3.7500000e+02   4.1958277e+00   2.5000000e-01   4.6858277e+00   3.7058277e+00
   3.7600000e+02   4.2104319e+00   2.5000000e-01   4.7004319e+00   3.7204319e+00
   3.7700000e+02   4.1975537e+00   2.5000000e-01   4.6875537e+00   3.7075537e+00
   3.7800000e+02   4.1852090e+00   2.5000000e-01   4.6752090e+00   3.6952090e+00
   3.7900000e+02   4.1734367e+00   2.5000000e-01   4.6634367e+00   3.6834367e+00
   3.8000000e+02   4.1936003e+00   2.5000000e-01   4.6836003e+00   3.7036003e+00
   3.8100000e+02   4.1515898e+00   2.5000000e-01   4.6415898e+00   3.6615898e+00
   3.8200000e+02   4.0487333e+00   2.5000000e-01   4.5387333e+00   3.5587333e+00
   3.8300000e+02   4.1173615e+00   2.5000000e-01   4.6073615e+00   3.6273615e+00
   3.8400000e+02   4.0832729e+00   2.5000000e-01   4.5732729e+00   3.5932729e+00
   3.8500000e+02   4.1384493e+00   2.5000000e-01   4.6284493e+00   3.6484493e+00
   3.8600000e+02   4.0167291e+00   2.5000000e-01   4.5067291e+00   3.5267291e+00
   3.8700000e+02   3.9894988e+00   2.5000000e-01   4.4794988e+00   3.4994988e+00
   3.8800000e+02   3.9188954e+00   2.5000000e-01   4.4088954e+00   3.4288954e+00
   3.8900000e+02   3.8881344e+00   2.5000000e-01   4.3781344e+00   3.3981344e+00
   3.9000000e+02   3.9615536e+00   2.5000000e-01   4.4515536e+00   3.4715536e+00
   3.9100000e+02   3.9966287e+00   2.5000000e-01   4.4866287e+00   3.5066287e+00
   3.9200000e+02   3.9676554e+00   2.5000000e-01   4.4576554e+00   3.4776554e+00
   3.9300000e+02   3.8568946e+00   2.5000000e-01   4.3468946e+00   3.3668946e+00
   3.9400000e+02   3.9188034e+00   2.5000000e-01   4.4088034e+00   3.4288034e+00
   3.9500000e+02   3.7594802e+00   2.5000000e-01   4.2494802e+00   3.2694802e+00
   3.9600000e+02   3.7150908e+00   2.5000000e-01   4.2050908e+00   3.2250908e+00
   3.9700000e+02   3.4654004e+00   2.5000000e-01   3.9554004e+00   2.9754004e+00
   3.9800000e+02   3.5449904e+00   2.5000000e-01   4.0349904e+00   3.0549904e+00
   3.9900000e+02   3.4796844e+00   2.5000000e-01   3.9696844e+00   2.9896844e+00
   4.0000000e+02   3.3176618e+00   2.5000000e-01   3.8076618e+00   2.8276618e+00
   4.0100000e+02   3.1951438e+00   2.5000000e-01   3.6851438e+00   2.7051438e+00
   4.0200000e+02   3.1684803e+00   2.5000000e-01   3.6584803e+00   2.6784803e+00
   4.0300000e+02   3.1540088e+00   2.5000000e-01   3.6440088e+00   2.6640088e+00
   4.0400000e+02   3.1991286e+00   2.5000000e-01   3.6891286e+00   2.7091286e+00
   4.0500000e+02   3.1138185e+00   2.5000000e-01   3.6038185e+00   2.6238185e+00
   4.0600000e+02   3.1925376e+00   2.5000000e-01   3.6825376e+00   2.7025376e+00
   4.0700000e+02   3.2112281e+00   2.5000000e-01   3.7012281e+00   2.7212281e+00
   4.0800000e+02   3.1690325e+00   2.5000000e-01   3.6590325e+00   2.6790325e+00
   4.0900000e+02   3.2181748e+00   2.5000000e-01   3.7081748e+00   2.7281748e+00
   4.1000000e+02   3.1501492e+00   2.5000000e-01   3.6401492e+00   2.6601492e+00
   4.1100000e+02   3.2861704e+00   2.5000000e-01   3.7761704e+00   2.7961704e+00
   4.1200000e+02   3.3070388e+00   2.5000000e-01   3.7970388e+00   2.8170388e+00
   4.1300000e+02   3.3841777e+00   2.5000000e-01   3.8741777e+00   2.8941777e+00
   4.1400000e+02   3.4148409e+00   2.5000000e-01   3.9048409e+00   2.9248409e+00
   4.1500000e+02   3.4139396e+00   2.5000000e-01   3.9039396e+00   2.9239396e+00
   4.1600000e+02   3.5050315e+00   2.5000000e-01   3.9950315e+00   3.0150315e+00
   4.1700000e+02   3.5722133e+00   2.5000000e-01   4.0622133e+00   3.0822133e+00
   4.1800000e+02   3.7475558e+00   2.5000000e-01   4.2375558e+00   3.2575558e+00
   4.1900000e+02   3.8064325e+00   2.5000000e-01   4.2964325e+00   3.3164325e+00
   4.2000000e+02   3.7709736e+00   2.5000000e-01   4.2609736e+00   3.2809736e+00
   4.2100000e+02   3.8470707e+00   2.5000000e-01   4.3370707e+00   3.3570707e+00
   4.2200000e+02   3.9432118e+00   2.5000000e-01   4.4332118e+00   3.4532118e+00
   4.2300000e+02   4.0214425e+00   2.5000000e-01   4.5114425e+00   3.5314425e+00
   4.2400000e+02   3.9206051e+00   2.5000000e-01   4.4106051e+00   3.4306051e+00
   4.2500000e+02   4.3038628e+00   2.5000000e-01   4.7938628e+00   3.8138628e+00
   4.2600000e+02   4.5035283e+00   2.5000000e-01   4.9935283e+00   4.0135283e+00
   4.2700000e+02   4.3038248e+00   2.5000000e-01   4.7938248e+00   3.8138248e+00
   4.2800000e+02   4.7224127e+00   2.5000000e-01   5.2124127e+00   4.2324127e+00
   4.2900000e+02   4.9145073e+00   2.5000000e-01   5.4045073e+00   4.4245073e+00
   4.3000000e+02   4.9801257e+00   2.5000000e-01   5.4701257e+00   4.4901257e+00
   4.3100000e+02   5.0512569e+00   2.5000000e-01   5.5412569e+00   4.5612569e+00
   4.3200000e+02   5.0512027e+00   2.5000000e-01   5.5412027e+00   4.5612027e+00
   4.3300000e+02   5.0779650e+00   2.5000000e-01   5.5679650e+00   4.5879650e+00
   4.3400000e+02   5.0757544e+00   2.5000000e-01   5.5657544e+00   4.5857544e+00
   4.3500000e+02   5.0193059e+00   2.5000000e-01   5.5093059e+00   4.5293059e+00
   4.3600000e+02   5.0742588e+00   2.5000000e-01   5.5642588e+00   4.5842588e+00
   4.3700000e+02   4.8975655e+00   2.5000000e-01   5.3875655e+00   4.4075655e+00
   4.3800000e+02   4.7928206e+00   2.5000000e-01   5.2828206e+00   4.3028206e+00
   4.3900000e+02   4.8747262e+00   2.5000000e-01   5.3647262e+00   4.3847262e+00
   4.4000000e+02   4.7647625e+00   2.5000000e-01   5.2547625e+00   4.2747625e+00
   4.4100000e+02   4.9488588e+00   2.5000000e-01   5.4388588e+00   4.4588588e+00
   4.4200000e+02   4.9628107e+00   2.5000000e-01   5.4528107e+00   4.4728107e+00
   4.4300000e+02   4.9058582e+00   2.5000000e-01   5.3958582e+00   4.4158582e+00
   4.4400000e+02   4.8241317e+00   2.5000000e-01   5.3141317e+00   4.3341317e+00
   4.4500000e+02   4.9134086e+00   2.5000000e-01   5.4034086e+00   4.4234086e+00
   4.4600000e+02   4.8225429e+00   2.5000000e-01   5.3125429e+00   4.3325429e+00
   4.4700000e+02   4.5057419e+00   2.5000000e-01   4.9957419e+00   4.0157419e+00
   4.4800000e+02   4.7652832e+00   2.5000000e-01   5.2552832e+00   4.2752832e+00
   4.4900000e+02   4.7253578e+00   2.5000000e-01   5.2153578e+00   4.2353578e+00
   4.5000000e+02   4.7492564e+00   2.5000000e-01   5.2392564e+00   4.2592564e+00
